A = (46.22278716310299,12.545838231537354)
B = (70.25142695406963,2.498999431514426)
C = (48.29144159458103,18.618037946322332)
D = (50.563550221687926,2.473250109903957)